100
8 2 11
0 3.00
1 2.00
0 3.00
1 5.00
0 2.00
0 1.00
0 2.00
1 3.00
55 5 346
3 22.71
4 111.38
0 34.74
4 2.24
0 38.22
2 113.30
3 52.97
4 5.93
2 21.21
1 19.33
2 19.54
1 19.70
3 57.82
2 11.74
0 6.27
4 10.88
3 62.50
1 86.99
2 3.98
1 11.70
0 51.59
4 44.85
1 119.84
1 6.25
2 30.93
4 9.22
4 12.38
2 31.94
4 29.08
2 5.49
1 29.63
0 92.85
3 0.07
1 15.93
2 60.46
3 0.42
0 21.96
2 7.46
4 6.78
3 8.87
0 56.44
1 5.42
2 39.95
0 28.68
1 14.80
1 16.40
3 8.52
3 4.35
0 1.24
3 120.46
0 8.47
4 49.29
3 7.30
0 5.53
4 63.97
88 8 625
4 6.83
0 58.72
5 115.56
2 3.29
3 201.01
0 95.98
5 34.46
7 26.27
0 32.93
2 65.23
0 17.87
1 56.66
3 101.74
4 30.43
2 101.17
3 18.89
4 142.63
3 35.52
7 18.18
6 7.77
2 62.38
6 12.99
4 119.47
0 12.34
3 23.88
6 16.06
6 77.17
3 46.34
0 25.93
0 28.42
4 31.67
5 3.49
7 118.01
2 74.65
4 198.96
7 140.59
0 99.93
1 59.64
5 122.95
7 56.23
4 40.39
2 17.12
5 51.97
5 28.91
1 116.64
7 15.96
0 67.50
4 1.45
1 10.89
7 29.61
2 56.12
1 7.57
6 145.41
7 39.06
6 32.61
1 56.20
3 9.20
3 74.06
6 16.04
7 67.43
2 26.19
5 54.84
2 20.47
5 43.56
7 13.25
2 61.83
1 186.71
3 4.13
6 116.02
5 73.28
3 41.13
4 17.48
4 5.72
6 68.02
5 24.73
6 98.15
4 29.97
2 136.54
6 34.75
1 6.64
1 38.09
0 88.98
1 35.27
1 50.68
5 71.25
7 100.40
3 69.10
0 96.39
34 3 7
1 0.30
0 0.30
2 0.70
1 0.20
0 0.10
1 0.30
0 2.20
1 0.30
2 0.70
0 0.20
1 0.10
0 0.10
2 0.70
1 0.20
2 0.70
0 0.10
2 0.70
0 0.20
2 0.70
1 0.20
0 0.20
2 0.70
0 0.10
1 0.20
2 0.70
0 0.20
1 0.20
2 0.70
0 0.20
1 0.20
0 0.20
2 0.70
1 0.20
0 0.10
20 2 22
0 2.10
0 3.20
0 1.40
1 0.80
0 4.20
0 0.50
1 0.60
1 0.10
1 2.80
0 0.20
0 0.60
1 1.30
1 1.20
0 1.10
0 8.10
1 4.90
1 8.60
0 0.50
1 0.10
1 1.50
48 5 48
1 0.60
0 9.40
0 1.60
0 2.60
3 1.30
3 1.60
0 11.90
1 5.70
3 1.80
2 8.00
0 6.80
1 1.70
0 1.50
4 3.40
1 7.10
4 0.90
2 3.10
3 1.80
3 0.20
2 2.20
4 9.10
3 3.00
4 3.30
0 0.20
1 2.70
1 2.40
3 5.00
2 2.90
4 0.80
1 11.40
1 1.90
2 0.10
3 1.50
0 5.00
4 23.50
0 7.10
3 6.00
2 21.90
3 25.30
1 2.80
4 0.50
1 3.00
1 8.70
2 5.00
4 6.40
3 0.40
0 1.90
2 4.70
12 2 45
0 8.20
0 5.10
0 7.00
1 9.30
0 2.80
1 22.80
1 7.90
1 0.50
0 5.70
1 1.70
0 16.20
1 2.80
14 4 17
2 2.00
2 1.00
2 5.00
3 9.00
0 7.00
1 2.00
2 8.00
2 0.00
1 9.00
1 5.00
0 8.00
0 2.00
3 1.00
3 7.00
10 2 9
1 2.10
0 0.20
1 2.10
0 0.50
0 1.20
1 2.10
0 0.10
1 2.70
0 0.10
0 2.30
22 2 476
1 2.50
0 0.01
1 20.25
1 42.44
1 57.85
0 1.50
0 19.92
1 1.09
1 121.30
1 94.87
0 83.86
0 26.39
0 63.36
1 49.78
0 15.64
0 20.24
1 32.30
0 76.63
0 63.42
1 53.04
1 0.57
0 105.02
10 3 1
0 0.30
2 0.50
1 0.10
0 0.30
1 0.10
0 0.10
1 0.20
2 0.10
2 0.50
0 0.30
22 2 799
1 175.84
0 79.95
0 18.84
0 59.67
0 183.94
1 183.10
0 68.26
1 64.54
1 66.15
0 78.33
0 113.87
1 0.55
1 29.17
1 100.01
0 13.42
0 42.59
1 40.68
0 37.00
1 123.61
1 8.41
1 6.94
0 103.12
33 3 703
1 30.77
2 60.28
0 5.07
0 19.20
1 11.20
0 14.74
2 35.01
1 178.54
1 138.90
1 22.90
2 75.06
2 28.11
0 39.96
2 130.72
2 239.74
0 130.37
2 38.37
0 50.06
0 61.17
1 22.72
0 153.45
1 38.70
1 26.23
1 76.83
2 12.54
0 17.85
2 4.77
2 17.03
1 52.85
1 103.36
0 155.79
2 61.36
0 55.33
26 3 13
2 1.00
2 3.00
0 0.30
2 0.90
0 0.90
1 0.50
0 6.00
0 2.20
2 1.00
1 0.60
0 0.10
2 3.80
2 1.30
1 0.60
1 3.10
1 2.50
0 0.50
1 0.10
1 3.10
1 1.00
1 0.50
2 1.70
2 0.30
1 0.40
1 0.50
0 3.00
88 8 537
6 1.18
2 49.00
2 16.56
2 35.87
0 68.29
1 24.52
1 7.22
5 87.16
4 12.28
0 0.04
3 87.91
4 6.78
0 52.74
0 94.35
1 0.17
6 42.76
7 4.73
7 25.52
6 49.49
5 65.17
3 39.45
1 40.46
3 43.87
7 8.81
7 34.98
5 35.53
5 27.68
2 19.86
4 19.36
0 65.24
6 55.58
2 68.80
3 114.05
1 87.37
1 26.02
6 244.68
3 94.23
4 108.46
0 23.38
7 71.48
3 12.74
0 72.24
3 49.47
4 1.49
0 6.72
2 45.89
6 12.76
3 9.98
7 203.18
2 29.66
1 34.30
7 44.08
6 16.86
3 3.23
3 29.12
5 12.52
1 105.47
2 23.02
4 69.87
5 89.17
1 44.86
2 23.27
2 88.25
0 36.70
7 17.03
4 12.95
1 159.74
4 33.82
2 136.82
4 103.96
7 60.34
4 136.28
3 52.95
0 68.62
4 31.74
5 67.40
0 48.67
5 103.40
6 30.04
6 21.22
7 13.30
6 15.99
7 53.55
5 25.16
5 7.67
5 16.14
1 6.87
6 46.43
7 2 11
0 7.00
0 1.00
1 9.00
0 1.00
0 1.00
0 1.00
1 2.00
13 3 8
1 2.30
0 0.10
2 2.40
1 3.20
2 0.70
0 0.50
2 2.30
0 1.70
1 1.80
2 2.50
1 0.90
0 1.20
2 0.10
22 2 148
0 1.22
0 25.13
0 19.61
1 3.54
1 8.84
0 17.89
0 12.94
1 20.44
1 29.92
1 29.38
1 26.49
0 18.64
1 5.78
1 2.90
0 5.33
0 7.40
1 1.39
0 4.51
0 27.08
1 4.47
0 8.24
1 14.85
22 2 97
0 6.99
1 10.05
1 3.57
0 4.18
1 5.37
0 4.55
0 9.05
0 6.32
1 0.39
0 11.74
1 17.51
0 12.79
0 10.51
1 39.36
0 10.33
0 16.97
0 3.56
1 6.23
1 4.26
1 3.26
1 5.88
1 1.12
19 3 20
2 0.60
1 1.00
1 0.60
0 7.80
1 11.00
1 0.10
2 1.90
2 0.80
0 2.60
0 1.50
0 2.40
1 5.70
2 0.70
2 0.10
0 0.80
2 4.10
2 11.80
0 4.90
1 1.50
66 6 524
3 88.47
2 1.04
1 223.76
0 12.15
1 12.94
4 24.77
1 19.69
3 53.13
2 28.63
2 12.63
3 10.66
5 66.09
2 9.97
4 16.88
1 76.93
4 51.40
3 17.60
3 119.89
4 63.16
0 118.14
4 49.74
1 26.00
0 13.15
4 110.80
3 5.84
0 4.31
2 24.16
0 60.84
0 6.08
3 4.31
2 50.19
2 95.97
1 45.90
4 60.43
2 87.35
2 2.39
4 5.06
5 35.68
2 85.17
4 43.98
5 15.52
1 18.09
5 51.20
3 8.41
1 19.52
0 41.43
0 56.98
3 9.73
4 43.61
3 194.38
2 126.50
5 28.15
0 48.42
4 54.17
5 108.30
1 40.03
5 39.40
1 12.01
5 27.76
5 8.13
1 29.13
0 151.20
0 11.30
5 23.27
3 11.58
5 120.49
24 3 22
1 3.30
1 11.00
2 3.70
0 6.60
2 1.60
0 0.10
2 4.30
0 1.70
0 1.60
1 0.10
1 5.70
2 5.60
0 0.40
2 1.20
1 1.80
1 0.10
2 1.30
0 3.20
2 2.60
0 0.20
0 0.50
2 1.60
0 2.60
0 5.10
66 6 184
5 2.21
2 0.28
1 17.47
4 17.11
0 28.62
5 11.08
4 33.86
3 4.94
0 26.24
2 25.98
4 7.71
5 4.49
1 19.84
2 11.30
0 1.84
0 58.63
4 34.34
2 27.21
5 34.62
2 3.00
3 5.16
4 0.41
3 6.56
2 50.50
1 24.44
3 23.17
0 0.77
3 10.95
1 4.20
2 12.14
3 20.16
5 18.60
1 31.90
0 4.57
3 53.16
5 1.88
4 4.21
3 9.01
4 3.22
0 28.27
0 1.73
0 11.65
4 1.06
4 13.80
1 4.45
5 34.90
0 9.39
5 27.74
4 53.37
1 17.07
4 14.90
1 0.60
1 1.35
2 16.84
1 0.28
5 38.14
3 15.37
2 5.53
2 29.45
1 62.40
5 6.13
5 4.20
0 12.28
2 1.77
3 27.80
3 7.71
88 8 170
0 17.10
5 5.64
3 6.51
4 5.88
6 0.59
4 0.35
5 43.57
3 8.39
6 14.84
3 5.75
5 2.37
0 27.51
5 14.67
3 17.03
1 12.78
4 18.80
0 18.05
7 26.18
3 19.59
4 15.73
4 17.67
2 45.04
7 1.50
4 28.31
1 42.62
0 5.18
0 29.95
6 18.39
2 27.54
1 3.58
1 0.24
3 3.64
1 10.03
7 18.21
7 8.79
2 12.17
4 47.93
6 3.09
6 12.27
3 0.79
3 13.18
1 2.13
7 32.71
7 5.58
6 13.76
1 0.04
2 13.09
2 20.87
0 9.16
4 0.04
6 11.28
4 28.50
3 6.05
5 15.38
5 9.89
4 1.39
5 19.41
1 43.03
2 15.21
7 23.05
3 78.26
0 7.15
1 26.03
6 54.72
7 8.54
0 49.05
1 19.85
7 13.79
0 2.18
4 5.39
1 9.66
2 3.91
3 10.80
7 15.55
5 38.03
6 6.16
6 1.11
2 4.66
2 15.35
0 3.62
2 7.43
0 1.04
5 11.57
6 33.78
7 16.09
2 4.73
5 2.59
5 6.88
33 3 299
2 5.11
1 39.63
2 23.74
1 16.81
0 15.29
0 3.65
2 31.82
1 15.49
1 35.04
1 72.89
1 36.80
2 13.61
0 5.04
0 36.19
1 48.35
0 6.52
1 3.92
2 1.76
2 21.34
0 72.01
0 46.16
0 10.47
0 29.87
2 55.09
1 8.29
2 84.40
2 26.01
0 25.91
2 20.03
1 11.57
2 16.09
0 47.89
1 10.21
29 4 48
3 2.70
3 1.40
3 18.10
3 2.20
0 16.80
2 1.70
3 16.30
0 10.60
3 1.20
1 10.50
1 7.10
2 14.20
0 1.20
1 8.70
2 6.90
3 1.90
0 8.40
1 0.20
0 1.20
0 0.20
1 13.10
0 9.60
2 0.30
3 0.50
1 8.30
2 10.50
2 6.10
2 8.20
3 3.70
66 6 66
3 15.13
3 2.02
1 18.54
4 9.64
4 1.14
1 0.69
2 1.06
1 1.21
4 3.64
0 14.78
0 0.29
0 0.63
1 14.36
2 2.16
5 4.73
3 2.19
5 6.62
4 8.59
4 8.57
5 1.65
0 1.96
4 6.28
2 0.50
1 6.58
2 0.90
5 2.95
1 1.70
2 2.27
0 9.84
4 2.31
3 5.09
2 6.47
0 4.17
3 4.22
3 0.11
5 11.37
5 21.75
0 7.47
3 7.91
5 2.06
1 1.64
4 3.47
0 3.66
2 25.74
1 0.23
5 5.70
2 3.25
0 0.43
4 9.90
1 0.32
5 0.78
0 18.69
2 23.01
3 5.96
3 10.83
3 9.76
1 11.15
4 2.30
1 9.57
2 0.44
0 4.07
5 6.84
3 2.78
4 10.15
5 1.55
2 0.20
22 2 982
0 26.14
1 94.68
1 68.47
0 153.18
0 61.55
0 35.88
1 33.96
0 336.05
1 41.13
0 64.37
1 44.49
1 212.28
1 59.23
1 234.80
1 35.75
0 41.24
1 48.87
0 45.07
0 61.90
1 108.34
0 149.30
0 7.32
88 8 234
0 15.54
6 18.59
1 26.71
2 5.84
6 7.96
7 19.85
5 34.46
5 0.09
0 10.55
3 21.31
1 0.46
2 18.99
6 31.87
6 0.01
0 5.69
6 46.55
2 45.09
3 39.47
5 14.33
2 7.73
3 13.69
3 20.91
3 17.44
2 6.26
0 38.15
7 48.66
6 22.33
5 30.19
7 8.91
4 37.54
4 43.08
6 15.96
7 64.21
1 1.16
4 15.25
4 5.46
6 32.16
2 3.97
7 7.93
0 1.56
2 6.29
4 25.91
0 2.60
4 28.34
0 12.03
2 6.42
5 13.14
7 34.21
3 33.90
6 7.79
3 5.34
5 42.06
7 5.41
1 18.66
6 31.79
3 9.90
0 31.70
1 4.28
7 9.32
2 21.98
1 64.98
1 25.10
2 101.05
5 47.86
4 13.91
0 66.36
7 6.39
7 17.99
5 25.16
1 2.41
4 38.32
0 33.71
1 17.92
1 1.41
5 0.68
0 16.10
7 11.12
4 8.05
5 2.71
3 46.13
3 0.91
4 5.26
3 24.99
5 23.31
2 10.37
6 18.98
1 70.91
4 12.87
99 9 572
8 130.59
0 88.58
2 2.67
8 2.28
4 17.69
3 5.39
0 47.40
7 67.58
7 75.98
4 15.09
0 57.34
0 92.97
4 3.10
4 17.39
6 24.94
0 66.38
4 107.83
1 47.79
8 28.08
2 92.06
7 63.81
3 40.18
1 133.31
6 15.11
3 192.26
6 39.22
4 110.75
3 34.77
3 67.37
3 15.50
8 50.41
4 25.44
5 100.87
8 6.39
2 38.50
3 0.38
4 80.18
6 54.37
7 56.71
5 14.60
5 14.05
1 28.09
8 12.78
7 64.38
6 3.17
5 54.76
7 26.07
8 14.33
0 45.14
1 14.93
0 95.79
7 133.47
2 1.63
3 3.72
2 36.28
1 78.63
4 77.43
1 55.38
3 4.74
3 62.32
2 138.30
6 85.05
2 83.39
1 26.74
8 2.26
0 2.61
5 25.10
6 49.52
2 43.22
5 13.62
2 43.91
6 74.04
0 4.21
8 69.59
5 104.27
6 195.66
5 134.54
2 90.02
8 65.82
7 24.64
1 9.97
1 22.06
8 189.47
0 63.93
5 3.09
7 0.50
7 44.65
7 14.21
6 3.91
6 27.00
5 2.60
5 104.49
2 2.02
4 104.18
3 145.36
4 12.92
1 153.97
0 7.65
1 1.12
66 6 966
2 129.11
2 92.25
0 171.99
3 255.13
4 77.54
4 11.25
1 113.38
1 194.52
3 17.78
5 86.10
2 34.38
3 27.83
2 18.84
4 10.55
5 122.31
4 65.65
4 197.06
1 171.66
0 116.29
1 6.67
0 78.43
1 22.32
3 121.32
3 75.84
3 56.45
0 124.60
5 165.24
4 264.72
4 95.48
0 49.39
2 9.12
1 7.77
2 446.43
5 231.29
1 117.48
5 88.59
5 25.39
3 114.78
3 61.25
0 83.08
2 44.49
1 142.48
5 24.98
0 37.14
0 93.41
0 56.79
2 164.69
5 171.05
1 14.21
5 24.32
3 22.03
2 13.07
1 151.13
3 21.61
5 23.26
3 191.97
4 54.24
4 173.38
2 7.97
4 9.58
4 6.54
0 32.24
2 5.65
5 3.46
0 122.64
1 24.38
88 8 773
7 16.59
0 16.37
7 145.25
4 96.88
5 30.01
0 11.64
0 39.69
6 17.61
4 11.60
2 32.93
0 40.02
4 17.41
5 29.33
3 36.38
3 170.47
7 8.88
7 60.42
0 19.06
3 93.59
5 25.56
7 27.72
2 8.75
2 71.37
3 125.52
0 213.37
1 29.05
3 67.08
3 122.54
1 34.75
1 33.08
6 24.25
5 41.77
4 36.11
3 37.79
2 1.30
4 91.61
7 0.81
7 229.89
1 9.25
2 3.36
6 0.86
3 36.07
2 223.15
1 96.88
4 102.71
4 142.76
0 40.04
4 138.13
5 100.61
6 58.04
4 15.26
7 68.35
0 46.64
3 11.08
0 223.83
6 34.26
1 27.82
4 66.65
4 53.87
7 31.72
1 127.57
5 69.79
5 64.04
0 16.16
3 9.01
6 27.05
1 38.31
6 4.48
2 15.35
5 114.59
2 320.68
1 158.42
5 5.56
5 84.58
1 184.97
7 131.13
6 421.19
6 34.97
3 63.47
6 77.09
7 52.23
2 32.09
6 73.19
1 32.89
0 106.17
2 61.35
5 207.16
2 2.66
66 6 541
5 18.80
1 76.26
2 39.28
2 130.25
0 9.76
0 10.70
4 66.56
2 17.66
4 18.01
2 3.01
3 45.61
1 24.80
2 5.02
0 2.16
5 16.50
3 47.25
4 12.92
1 44.25
1 118.20
3 6.17
4 1.93
3 4.13
1 11.76
2 23.49
3 38.93
5 4.56
0 64.83
5 82.11
4 66.56
2 39.62
2 82.11
1 4.40
4 149.04
0 41.04
5 98.56
5 1.63
3 19.43
4 84.38
1 107.91
4 9.89
3 246.31
2 12.22
0 49.86
3 49.25
0 206.55
2 149.09
0 14.86
0 24.37
3 0.37
5 17.71
5 49.35
5 191.80
4 11.71
1 63.53
5 41.24
2 39.25
1 24.33
3 20.33
1 41.82
3 63.21
5 18.73
1 23.73
0 26.88
0 89.98
4 91.99
4 28.01
1 1 1
0 1.00
55 5 466
2 67.35
0 51.08
1 71.58
3 20.76
3 53.24
1 86.07
2 17.90
0 11.12
1 42.66
3 88.18
2 67.22
1 28.61
1 2.13
4 55.56
3 10.48
0 84.81
4 39.09
0 12.37
4 1.13
2 12.72
0 61.06
2 59.03
3 76.33
4 28.91
4 59.05
3 50.93
3 6.39
3 80.51
1 51.47
3 22.24
0 97.41
0 4.91
1 56.62
2 14.78
3 19.98
0 16.69
4 29.25
4 42.61
1 17.90
4 16.39
2 104.64
2 93.29
1 56.33
4 122.65
0 54.38
0 57.91
2 10.13
2 0.34
4 67.33
1 8.90
0 14.26
3 36.95
2 18.60
1 43.72
4 4.02
88 8 530
1 38.80
6 136.68
2 10.20
0 38.24
3 26.16
3 17.40
2 32.14
5 80.49
7 30.38
3 48.34
7 111.69
1 93.85
5 175.67
1 96.79
5 8.19
7 103.73
2 140.02
4 72.00
1 28.72
5 44.37
0 29.56
6 46.09
7 29.32
4 149.37
7 13.99
6 24.46
5 10.83
6 44.60
3 19.11
5 40.16
0 5.92
7 1.75
1 32.41
6 15.83
5 35.42
5 64.16
4 25.48
0 40.52
4 25.44
3 17.22
2 25.16
4 102.03
0 58.49
4 75.60
0 18.52
4 37.76
3 130.24
0 143.47
3 12.64
5 40.32
0 81.32
1 11.74
0 45.17
2 18.46
6 28.63
4 0.11
6 7.42
6 30.28
1 39.03
3 44.66
7 30.66
2 129.99
4 4.18
7 64.88
3 135.13
5 12.08
2 69.26
0 38.96
4 0.97
1 41.30
2 4.06
4 37.06
6 126.05
6 56.38
2 29.97
2 24.02
2 46.71
1 63.84
6 13.58
3 36.52
7 3.36
7 71.17
1 66.33
3 42.58
1 17.18
7 69.06
0 29.82
5 18.30
23 3 22
1 0.20
2 2.80
0 1.60
2 0.30
0 2.70
2 8.00
2 2.80
0 8.10
2 1.60
1 1.80
2 2.50
0 3.10
0 3.40
2 1.70
1 3.60
2 0.90
1 6.00
2 1.30
1 3.00
0 2.30
1 3.20
1 4.20
0 0.70
45 5 42
1 0.70
0 1.80
0 4.30
4 1.00
1 15.60
2 9.10
3 3.90
0 6.10
2 1.30
1 1.50
1 5.90
1 1.90
2 11.90
1 3.50
4 3.00
2 0.20
3 4.30
4 7.50
4 3.00
4 11.60
2 2.90
3 5.00
0 5.40
1 5.50
0 5.70
3 11.20
4 1.20
2 4.40
2 3.40
3 3.40
0 7.20
4 11.80
2 1.80
0 8.40
1 1.80
2 1.80
0 2.80
4 0.60
0 0.30
2 2.10
1 5.50
4 2.30
3 9.40
3 4.80
2 3.10
26 4 36
0 3.50
1 1.80
3 16.10
3 2.80
3 0.90
2 5.60
0 4.30
1 10.00
2 18.50
1 3.80
1 2.20
2 3.50
2 1.70
1 3.30
0 14.00
0 6.50
3 4.10
2 0.20
0 1.40
0 6.20
3 12.00
1 2.40
2 6.50
1 6.00
1 5.10
1 1.40
99 9 380
3 19.53
0 57.62
0 18.07
3 8.08
7 12.74
6 68.89
0 61.91
7 8.93
2 7.09
7 54.11
7 31.83
7 28.95
3 91.55
0 61.00
4 58.11
0 32.72
7 30.11
5 4.45
4 63.92
1 2.61
4 9.86
8 0.01
7 9.65
2 30.77
3 37.16
1 6.02
5 33.04
6 70.91
5 19.29
8 64.84
4 12.96
5 6.18
0 1.50
2 140.52
5 74.93
8 121.06
7 104.83
4 24.33
8 8.46
5 23.42
0 8.13
7 74.61
3 24.95
6 17.29
3 63.98
8 62.96
6 31.76
6 34.70
2 9.40
1 17.97
3 0.16
2 2.40
5 57.62
8 10.78
2 3.04
8 32.34
6 73.06
0 2.23
4 22.05
0 22.05
6 5.93
6 10.96
4 16.11
2 41.69
8 29.31
1 23.96
1 48.77
5 48.54
8 20.43
7 11.47
1 48.02
1 61.42
7 12.77
4 17.65
3 5.90
3 24.00
4 11.01
1 16.78
1 44.85
6 63.86
2 17.22
5 10.50
3 44.98
3 59.71
6 0.33
5 20.43
0 67.29
5 81.59
2 104.20
4 53.38
1 108.52
1 1.07
8 16.13
2 1.94
8 13.68
2 21.73
6 2.31
0 47.48
4 90.62
9 2 20
0 13.00
1 7.00
1 3.00
0 4.00
0 1.00
1 3.00
0 2.00
1 1.00
1 6.00
99 9 223
4 25.17
2 20.38
6 23.13
0 7.42
5 4.12
4 5.58
3 1.04
2 40.30
7 5.14
8 10.09
8 7.49
7 40.31
3 50.73
3 17.66
3 9.03
2 17.87
5 18.94
7 55.33
2 3.63
5 30.85
1 8.83
4 3.14
1 36.88
4 20.32
5 35.63
7 0.07
1 6.66
2 15.06
1 18.21
4 2.97
2 23.27
0 17.62
5 4.53
7 14.26
6 1.76
8 2.71
6 3.10
1 4.28
6 12.61
4 21.08
1 46.24
6 14.14
6 30.26
8 57.16
0 42.82
8 15.54
7 23.84
4 29.60
1 34.08
6 53.59
1 12.48
0 56.88
5 12.86
5 27.35
4 26.91
7 23.32
7 11.76
2 20.63
0 43.96
2 22.59
6 12.15
5 23.66
8 6.96
3 6.50
3 17.77
1 11.84
3 52.25
0 0.50
5 34.67
0 1.65
0 13.87
8 7.53
7 13.43
8 78.39
7 24.69
0 23.89
0 10.04
1 32.11
6 7.84
6 30.32
4 8.29
5 2.44
3 0.64
2 1.47
2 11.47
1 11.39
2 46.33
8 13.20
3 37.05
0 4.35
7 10.84
8 17.45
3 18.99
5 27.94
8 6.47
3 11.33
4 67.64
4 12.30
6 34.10
36 4 13
1 0.20
1 0.90
2 0.30
1 2.70
0 2.30
1 0.20
3 0.80
0 0.40
1 0.60
0 4.90
3 0.50
2 1.40
2 1.20
2 1.30
0 1.00
1 0.20
1 0.40
2 0.30
3 0.70
3 0.90
3 0.50
1 3.10
3 2.10
2 2.70
2 3.80
1 0.50
3 0.60
2 0.40
0 0.70
0 1.40
3 6.20
1 1.30
2 1.50
1 2.90
3 0.70
0 2.30
3 2 1
0 0.10
0 0.89
1 0.99
110 10 516
6 73.97
1 12.82
3 56.49
5 61.69
0 1.75
9 32.04
9 12.82
2 42.11
2 1.98
6 68.55
3 36.17
9 20.09
5 27.11
6 121.60
4 40.29
0 7.09
4 74.17
4 39.67
1 44.46
0 78.51
4 17.02
6 11.99
9 38.45
0 73.25
8 20.57
4 26.98
6 10.68
3 13.73
1 60.20
2 139.11
0 25.29
3 110.02
1 47.95
4 110.22
4 18.21
8 63.17
5 27.34
4 23.31
1 67.43
3 23.39
2 14.98
3 54.38
2 12.90
7 122.77
3 51.61
0 19.79
2 126.99
6 9.03
9 117.58
1 61.81
7 30.27
8 73.13
0 51.27
7 38.25
1 60.01
5 10.69
3 68.55
7 50.67
3 23.84
8 30.04
7 1.71
6 1.92
5 79.24
9 14.92
1 14.78
5 20.51
9 142.26
0 1.70
1 81.77
6 127.51
5 10.54
1 63.67
8 210.00
0 20.97
7 31.08
0 34.07
1 1.10
6 18.69
9 48.31
4 52.87
2 53.78
4 105.02
6 28.85
5 62.73
5 25.14
5 71.60
2 22.57
3 4.35
8 4.24
8 12.55
7 61.31
2 62.43
7 9.46
9 38.96
7 24.93
8 30.27
2 27.08
7 128.35
8 31.24
9 39.44
8 18.26
0 202.30
4 8.23
9 11.13
5 119.40
6 43.21
8 22.52
3 73.47
7 17.20
2 12.06
55 5 32
0 2.36
4 0.58
2 2.94
1 0.15
4 0.35
0 1.60
2 0.44
3 0.62
3 4.22
2 3.77
4 0.95
3 0.12
4 0.30
3 0.45
0 0.27
2 4.36
0 2.12
1 0.69
0 5.35
2 3.99
4 2.13
1 1.00
2 2.20
3 5.16
0 0.42
1 3.83
2 0.02
4 4.32
1 3.53
1 0.40
2 4.04
4 3.94
2 0.31
3 0.77
1 6.94
0 0.41
3 6.51
1 2.52
2 9.02
2 0.91
4 4.64
0 3.14
0 3.73
1 1.04
4 3.95
3 0.37
1 7.32
3 10.77
0 11.50
3 1.87
4 7.83
0 1.10
3 1.14
4 3.00
1 4.57
29 3 14
0 2.70
1 0.30
2 1.20
0 1.90
2 1.50
0 0.60
2 0.30
1 1.40
1 1.00
1 0.30
1 0.40
1 2.10
0 0.10
0 2.00
0 1.40
1 0.80
1 0.20
2 2.90
1 1.40
0 2.60
2 0.50
2 1.10
0 2.70
1 3.40
2 3.40
2 0.60
2 2.30
2 0.10
1 2.70
88 8 687
3 25.25
1 105.52
5 49.45
3 1.17
3 58.93
2 16.99
2 60.99
1 11.83
7 75.57
4 47.63
2 120.18
3 42.29
7 11.88
6 131.59
6 44.16
2 12.16
4 41.51
1 186.62
0 61.23
5 35.76
2 109.54
1 25.11
3 19.75
7 166.78
2 9.01
0 212.14
6 26.18
0 37.35
0 18.93
6 45.93
0 114.16
3 27.08
2 111.53
4 11.23
4 106.55
3 1.96
4 57.49
5 49.54
6 101.48
3 40.99
6 1.68
6 55.07
2 56.68
7 63.54
5 114.04
1 10.42
7 42.64
2 18.30
1 67.03
0 35.77
6 74.13
1 5.92
4 26.85
2 55.61
0 48.87
7 28.18
4 28.65
6 83.66
5 94.11
0 46.37
5 18.83
0 33.92
5 15.02
1 88.13
7 113.51
7 44.71
6 45.41
7 0.50
7 101.66
2 116.01
1 45.40
1 128.35
4 50.07
0 68.44
4 55.74
5 46.52
1 12.67
3 307.82
5 244.57
4 75.18
3 127.98
5 8.01
6 77.70
0 9.81
7 38.03
4 186.09
3 33.78
5 11.15
28 3 35
2 1.40
0 4.50
2 0.40
1 0.90
0 5.70
2 2.10
1 2.60
1 1.70
0 2.80
1 9.80
1 1.70
1 2.40
1 3.30
2 6.30
2 9.40
0 1.90
0 3.00
2 10.30
0 4.10
0 0.40
0 0.90
2 3.90
0 3.20
0 8.50
1 5.20
2 1.20
1 6.20
1 1.10
15 2 25
0 5.60
1 2.00
0 2.40
1 0.60
1 2.30
0 2.90
0 9.20
1 4.00
0 2.60
0 0.10
0 1.70
1 6.60
0 0.50
1 7.30
1 2.20
99 9 491
7 36.28
3 57.71
7 16.34
3 8.53
6 62.14
4 7.02
5 50.86
8 37.38
6 53.33
5 150.55
3 98.37
6 12.89
6 36.86
5 6.57
2 24.39
4 111.82
8 70.04
2 50.75
7 12.66
6 40.28
6 40.64
5 2.75
6 18.13
3 78.74
0 14.66
4 58.62
0 41.45
0 107.79
7 99.83
1 37.30
2 120.90
4 132.18
8 41.93
3 44.80
3 38.13
3 1.13
5 56.96
8 5.88
0 20.48
7 44.76
6 58.16
0 58.42
3 33.06
3 73.55
7 20.93
1 69.44
1 77.31
5 8.13
4 46.81
0 98.43
1 14.11
8 32.96
1 8.72
3 22.27
6 34.23
2 13.40
4 63.96
7 104.26
4 7.34
1 15.01
8 79.38
5 66.31
1 132.10
2 51.65
8 131.04
4 23.78
7 80.57
8 39.58
5 10.55
3 34.70
2 7.45
8 31.05
5 33.16
0 14.89
5 32.42
4 23.88
8 20.56
2 2.25
7 13.45
1 96.24
0 33.35
0 8.98
5 72.74
4 11.10
2 35.05
2 87.37
6 11.04
1 5.01
2 84.21
2 13.58
0 0.05
1 17.26
4 4.48
0 92.49
1 18.49
7 54.33
6 123.30
8 1.20
7 7.58
47 5 47
0 4.20
1 3.40
4 0.20
1 1.20
0 0.70
0 0.30
1 1.30
1 1.10
0 7.00
0 0.20
0 17.80
2 17.10
1 1.80
0 3.20
3 4.10
4 0.20
1 1.60
0 3.00
3 14.40
3 0.40
4 3.70
4 2.60
1 5.00
2 11.70
4 16.10
3 2.00
3 5.00
4 8.30
0 10.60
3 4.50
4 3.90
3 15.40
4 1.00
2 0.70
3 0.70
2 3.80
1 3.90
4 7.90
2 0.30
2 7.50
3 0.40
2 3.00
1 5.30
2 2.80
1 3.00
4 3.10
1 19.30
33 3 171
0 6.90
2 6.15
1 12.33
0 23.67
2 5.16
2 24.27
0 15.52
1 4.52
0 4.08
0 1.30
2 39.13
2 13.86
0 7.79
0 3.87
2 9.62
1 5.82
1 40.27
1 3.96
2 19.76
2 7.76
1 9.77
0 38.40
0 33.47
0 35.76
0 0.23
2 2.63
1 36.21
1 14.34
1 4.39
2 13.60
1 16.23
1 23.16
2 29.06
25 3 29
2 4.60
1 0.70
1 4.30
0 1.50
1 2.00
1 4.50
1 0.70
1 10.40
0 3.30
1 0.90
2 1.40
0 4.10
0 3.20
2 14.00
2 3.70
0 0.40
1 1.10
2 1.30
2 3.90
0 4.10
0 4.70
1 1.50
1 0.30
1 2.50
0 7.70
44 4 75
0 10.80
0 3.35
3 0.29
1 2.07
3 4.62
0 2.66
1 2.42
0 0.14
0 2.77
2 2.01
1 5.16
2 12.97
3 4.35
2 13.36
3 0.28
1 17.10
3 2.37
0 0.39
3 25.81
3 4.63
2 14.49
1 0.86
2 0.31
3 17.80
1 28.13
2 6.79
3 6.03
1 2.98
3 4.07
2 2.29
3 4.74
0 3.05
0 36.87
2 11.03
2 8.11
1 3.64
0 13.20
2 0.96
0 1.53
0 0.24
2 2.68
1 6.16
1 5.75
1 0.72
77 7 391
1 37.18
5 22.56
1 66.72
1 25.78
6 28.19
0 6.00
3 24.95
2 2.92
0 17.41
3 2.43
6 38.11
6 54.81
3 60.75
6 21.42
0 81.41
2 42.91
5 15.98
1 5.19
6 14.50
5 19.06
1 67.22
5 21.39
3 25.43
3 32.58
2 76.14
3 6.24
0 29.77
3 18.28
4 37.71
6 7.79
5 119.84
3 16.77
2 1.08
2 4.97
2 24.27
3 16.78
2 77.26
3 151.56
0 74.08
1 41.39
4 2.55
4 6.93
0 4.78
3 35.23
2 4.62
6 16.98
6 17.49
0 53.21
4 105.52
6 31.76
4 1.02
0 55.58
0 32.19
5 22.09
4 4.09
1 26.16
0 32.86
5 54.85
4 57.39
1 10.55
2 52.53
2 58.50
1 0.65
4 8.17
5 13.25
5 58.28
2 45.80
4 32.84
1 76.88
4 45.46
5 21.94
0 3.71
5 21.75
6 18.15
6 141.80
4 89.31
1 33.27
55 5 95
1 5.59
1 27.60
2 6.55
0 20.40
0 1.26
4 19.05
3 7.33
4 18.15
3 4.01
2 3.53
4 1.03
0 18.46
4 0.05
0 6.63
0 0.50
0 2.73
4 20.00
1 1.33
2 2.90
2 18.43
3 19.88
3 19.89
1 6.84
0 7.83
1 1.64
2 10.56
2 2.36
0 15.40
1 0.68
2 8.97
4 6.70
3 4.37
3 0.21
1 18.94
0 11.09
1 7.14
2 20.74
4 3.00
4 7.53
1 12.79
3 2.04
3 5.65
1 3.19
4 12.77
4 5.60
2 6.52
3 20.22
3 3.95
2 6.89
2 7.55
0 2.93
3 7.44
1 9.26
4 1.11
0 7.77
29 3 16
0 1.60
0 0.70
1 1.50
1 0.10
2 2.10
2 0.50
2 1.10
1 3.10
0 4.60
2 1.30
0 2.10
0 0.20
2 0.50
0 2.90
1 0.20
1 0.70
2 2.70
0 0.10
1 0.30
2 1.20
0 1.20
1 1.30
1 0.10
1 5.30
1 2.30
0 2.60
2 1.40
1 1.00
2 5.10
22 2 854
0 39.37
1 23.54
1 88.25
0 5.64
0 37.90
0 0.62
1 37.20
1 34.17
0 87.61
0 7.11
0 147.51
1 38.20
0 24.35
1 222.92
1 46.42
0 1.78
0 271.32
1 70.98
0 230.78
1 93.46
1 121.11
1 77.75
9 2 13
0 1.00
0 4.00
0 2.00
1 12.00
1 0.00
0 3.00
0 2.00
1 1.00
0 1.00
44 4 334
3 52.85
2 24.22
1 35.72
1 31.39
3 19.12
3 32.56
2 32.35
2 0.69
0 9.43
3 25.00
2 140.37
3 3.02
0 14.16
1 7.23
3 42.12
2 11.40
0 42.92
3 66.07
1 12.31
1 41.11
1 37.42
0 46.78
0 36.96
2 6.25
2 50.58
0 12.27
0 1.36
0 40.72
2 48.88
1 37.81
0 16.84
3 46.28
3 2.88
2 4.58
2 4.44
0 14.71
1 33.86
0 97.84
1 28.02
1 59.88
3 8.90
1 9.24
3 35.19
2 10.23
66 6 237
1 20.18
0 47.75
2 40.30
1 36.82
3 1.95
2 36.21
3 85.20
4 54.12
2 22.60
4 27.76
1 8.07
5 8.54
5 3.86
2 22.05
2 11.61
5 17.41
5 36.42
3 0.99
4 28.76
3 5.52
1 55.19
3 13.10
3 11.72
0 15.12
4 3.15
0 10.67
0 14.88
5 17.20
1 21.10
3 4.43
0 49.10
1 25.75
4 13.15
2 40.29
5 16.54
4 6.84
0 23.56
3 10.62
4 59.03
5 16.01
3 16.45
0 9.60
4 3.51
5 12.11
5 10.30
5 47.02
1 22.85
1 0.43
5 51.59
3 9.65
4 30.34
2 13.25
1 17.58
4 8.62
3 77.37
4 1.72
0 11.10
2 20.06
2 11.43
2 5.65
1 5.69
0 10.92
2 13.54
1 23.33
0 17.18
0 27.12
66 6 47
2 0.19
3 12.91
2 0.64
1 1.47
1 2.48
3 10.65
5 0.02
5 5.92
2 5.06
5 4.04
4 6.32
5 6.86
2 5.52
1 3.59
5 6.15
4 8.56
3 8.10
4 6.50
1 0.23
4 1.08
3 4.42
4 2.43
5 5.32
5 6.71
4 1.46
3 2.74
0 1.90
0 2.90
5 2.05
0 4.66
4 3.48
2 5.69
5 1.82
3 2.00
1 9.12
5 3.76
3 0.06
3 0.07
0 6.50
2 2.71
0 4.68
0 9.00
0 2.43
1 10.43
1 0.89
5 4.35
3 4.06
3 0.84
4 9.11
0 0.06
2 2.19
1 9.82
1 2.28
3 1.15
0 1.81
2 6.74
2 0.42
1 2.86
2 10.36
1 3.82
4 1.37
4 6.44
4 0.25
2 7.48
0 2.88
0 10.17
14 4 19
2 4.00
1 1.00
3 9.00
1 8.00
0 5.00
0 4.00
0 9.00
1 9.00
3 2.00
3 7.00
2 6.00
2 4.00
3 1.00
2 4.00
44 4 701
1 67.89
1 13.39
0 80.23
1 2.11
1 0.05
0 91.74
1 83.68
3 25.10
3 37.15
0 97.47
0 17.88
3 15.55
1 47.49
3 9.87
2 59.57
0 56.97
2 27.46
3 63.52
0 39.56
0 21.28
2 16.80
2 87.69
3 113.03
2 91.02
2 4.82
3 16.05
3 21.76
1 3.29
0 76.12
1 80.88
1 108.13
2 6.21
3 74.37
1 10.04
1 284.04
0 65.99
3 225.84
3 98.75
2 32.37
0 74.31
2 193.89
0 79.44
2 62.09
2 119.07
110 10 876
5 43.99
1 9.81
2 8.59
8 27.56
9 21.51
0 14.31
4 233.27
1 243.76
8 61.06
8 0.63
4 253.51
1 179.42
3 103.55
8 150.30
6 115.65
5 103.12
9 41.58
5 53.36
5 69.41
8 281.62
0 229.96
4 7.98
3 55.72
2 50.60
3 217.38
1 18.66
8 80.54
3 1.14
0 27.50
1 70.26
5 69.71
4 78.62
4 105.63
0 7.12
1 76.64
2 159.24
9 26.63
2 37.76
4 50.72
9 130.02
3 93.05
5 1.42
7 109.46
6 3.54
7 130.65
2 170.30
0 235.59
6 134.45
3 3.26
2 64.84
3 158.19
0 103.96
8 31.35
6 176.20
7 91.11
6 198.70
4 33.23
5 11.67
2 45.51
8 133.36
4 12.71
7 85.59
0 2.94
1 52.65
9 29.77
8 53.28
4 19.52
9 108.33
1 70.07
9 173.36
0 117.41
2 17.48
7 2.21
2 147.74
5 92.18
3 169.94
9 0.99
6 0.27
9 129.38
7 35.45
6 11.56
2 90.38
6 20.34
5 143.32
5 240.36
6 70.71
7 38.52
7 293.14
7 49.23
6 137.95
3 5.53
0 88.59
8 4.02
1 66.48
5 47.46
3 50.99
8 52.27
9 190.22
4 62.72
6 6.62
7 40.32
4 18.08
9 24.20
0 8.99
1 65.71
0 39.62
3 17.24
1 22.54
2 83.56
7 0.31
27 3 22
2 1.10
1 0.90
2 1.10
1 6.00
2 2.90
0 2.00
0 4.60
0 3.80
2 6.30
2 0.30
1 0.30
2 0.10
1 4.00
0 1.60
2 6.00
2 0.70
0 6.00
2 1.40
1 4.60
1 1.10
1 1.40
0 1.50
0 0.90
0 1.50
1 2.60
2 2.10
1 1.10
43 4 14
0 0.10
1 1.60
3 2.40
0 0.50
0 2.90
3 1.50
0 1.10
1 0.30
0 7.90
2 1.60
2 0.30
1 0.70
1 2.40
3 0.40
3 0.70
3 1.80
2 0.50
1 0.70
3 2.80
2 1.20
2 0.80
0 0.60
2 0.30
0 0.30
1 0.80
2 0.10
3 0.90
1 1.50
3 1.50
2 4.60
3 0.20
0 0.30
3 0.30
3 1.40
2 2.20
1 3.30
2 0.50
2 1.90
0 0.20
1 2.00
1 0.30
0 0.10
1 0.30
99 9 953
3 52.47
0 55.98
6 166.41
3 2.14
0 110.85
4 16.00
0 223.26
2 48.06
7 148.80
6 126.91
6 16.03
8 57.02
3 494.56
2 134.19
6 131.15
5 18.38
8 22.08
0 1.54
0 64.57
4 127.19
1 2.12
6 100.51
7 267.28
0 101.62
0 117.78
2 37.53
1 103.50
8 57.96
3 25.94
7 21.28
5 77.13
0 87.08
7 130.92
6 114.13
4 77.13
3 21.11
5 53.61
4 70.03
0 25.01
2 78.96
8 194.12
5 188.78
4 22.27
6 27.17
7 104.84
1 4.29
2 21.87
7 16.35
3 42.97
7 15.99
1 89.96
7 0.69
5 63.21
6 88.28
1 2.38
8 150.98
7 86.82
8 68.27
6 38.72
5 177.62
4 99.01
0 32.91
7 8.23
1 14.46
8 23.59
5 155.61
5 95.92
3 14.27
3 66.75
0 132.39
6 22.11
5 92.26
2 15.98
2 163.61
1 493.18
3 96.29
5 5.16
4 34.03
1 39.13
8 184.69
2 10.54
8 62.04
2 157.86
8 69.27
4 60.33
6 121.57
4 277.76
2 162.58
5 25.32
4 129.20
1 21.24
4 40.04
3 29.10
3 107.39
1 130.50
8 62.98
2 121.82
7 151.80
1 52.24
55 5 975
4 63.35
2 102.74
2 19.68
1 129.66
2 144.09
0 125.01
3 33.68
3 249.00
0 174.03
1 33.94
4 72.88
0 21.22
2 119.45
4 170.68
1 38.61
0 78.39
2 44.83
3 84.94
4 43.38
0 325.12
4 253.82
2 48.24
2 92.84
0 50.85
4 50.43
1 97.88
1 27.04
1 100.63
0 63.87
4 9.76
1 8.02
2 115.44
1 123.99
4 80.75
0 10.79
1 314.77
4 59.66
4 72.61
2 47.00
3 38.49
4 97.67
3 124.12
1 100.19
3 4.90
2 178.71
0 101.49
1 0.26
2 61.98
3 292.30
0 13.02
3 29.82
3 18.96
3 96.98
0 11.21
3 1.81
33 4 32
1 3.50
1 8.00
0 2.80
2 4.00
3 3.70
0 2.70
2 8.40
1 6.00
1 3.90
2 3.80
3 0.30
3 21.80
1 2.40
0 5.10
3 0.80
0 0.40
2 4.80
0 2.00
0 0.30
1 0.10
2 1.80
1 3.80
1 3.60
0 2.10
1 0.60
0 3.20
0 10.40
3 2.30
0 0.60
3 3.00
2 5.70
2 3.50
0 2.30
77 7 379
0 10.06
5 18.95
3 18.80
2 4.71
0 3.89
2 78.48
2 24.09
2 48.45
5 4.45
2 74.31
5 63.85
0 5.25
0 71.35
5 121.21
4 21.42
4 2.68
4 42.74
5 1.80
4 29.77
2 51.63
4 44.30
0 19.94
0 59.79
6 3.36
1 1.18
5 13.94
6 49.19
6 19.47
6 8.97
1 113.81
3 40.14
4 27.61
1 58.44
3 10.54
1 13.00
1 23.21
6 62.11
2 36.86
6 28.99
0 14.10
1 20.69
5 34.55
6 6.63
1 73.24
3 26.00
4 33.47
2 6.15
4 10.62
4 16.51
2 19.44
5 54.53
1 14.51
3 21.04
3 61.17
4 38.13
0 63.15
3 134.36
4 111.74
6 51.22
1 19.06
5 14.49
2 6.14
3 7.17
3 4.90
5 50.44
3 47.00
5 0.79
1 30.46
3 7.88
0 85.30
6 25.32
0 13.62
6 26.31
1 11.40
0 32.55
2 28.73
6 97.43
66 6 388
3 7.87
0 7.14
4 7.62
3 19.27
2 8.05
4 18.22
5 19.43
4 16.70
1 42.87
4 65.46
5 18.31
0 28.00
2 9.25
4 23.03
3 31.90
5 1.93
2 30.44
3 30.19
1 27.08
4 33.47
4 6.65
3 34.50
3 17.14
2 48.01
5 11.02
0 1.09
0 39.23
5 19.61
5 1.75
5 82.62
3 46.82
4 35.99
0 9.45
3 38.76
3 16.22
2 11.55
0 66.96
5 3.29
1 84.06
1 1.64
3 121.62
4 41.31
1 23.94
2 61.66
2 1.57
0 96.36
2 19.01
0 1.43
4 35.45
1 72.41
3 23.70
0 78.28
1 24.21
5 56.50
5 154.05
2 64.55
1 3.17
4 104.09
2 90.69
1 62.68
5 19.49
1 41.61
0 33.39
0 26.67
2 43.21
1 4.33
66 6 828
4 3.94
1 59.02
3 206.86
0 124.85
5 153.67
5 52.64
0 12.98
1 131.40
0 34.78
2 30.56
3 130.52
2 13.74
0 57.91
1 14.14
3 4.46
4 181.10
3 152.88
2 34.87
3 81.73
3 49.16
3 52.37
5 43.76
4 54.49
5 61.34
2 34.22
4 52.98
3 54.28
3 7.36
1 161.70
2 127.82
0 33.30
5 218.67
4 22.78
2 15.73
5 47.64
0 214.49
1 16.83
5 18.21
5 52.40
4 169.88
4 73.12
1 8.05
3 57.92
0 44.17
1 13.01
3 30.45
1 34.34
5 76.76
4 183.95
2 99.21
0 53.06
1 219.28
5 94.97
2 134.13
1 124.69
1 45.54
4 11.04
4 68.09
2 113.94
0 192.13
2 52.86
5 7.93
4 6.63
0 41.84
2 170.92
0 18.48
11 2 7
1 1.60
1 0.20
0 2.30
1 0.50
0 2.30
1 0.30
0 2.30
1 0.10
1 0.70
0 0.10
1 1.10
33 3 748
0 59.38
1 13.84
0 54.08
1 60.94
0 20.94
2 49.46
2 88.99
0 79.32
1 44.78
0 157.31
1 11.30
0 84.83
1 190.68
1 147.95
2 56.45
2 16.31
1 24.98
0 8.05
1 5.30
0 1.79
2 242.16
1 4.80
2 143.19
2 19.58
2 73.96
1 78.93
0 20.44
0 10.76
1 164.49
2 5.83
0 251.10
2 12.42
2 39.64
41 4 37
2 1.00
3 0.60
2 1.20
2 5.80
0 2.90
2 2.00
2 6.80
1 1.80
2 10.20
2 0.20
3 1.90
2 5.80
3 3.30
0 9.90
3 8.70
0 0.40
0 2.50
1 3.60
3 0.20
3 4.40
3 1.10
2 1.80
1 0.40
3 3.10
3 9.80
1 1.70
1 1.20
0 3.40
1 16.20
0 4.50
3 0.40
0 2.10
1 0.20
0 10.30
2 0.90
1 9.90
0 1.00
1 0.40
2 1.30
1 1.60
3 3.50
28 3 38
2 4.30
0 2.00
2 1.20
0 1.50
2 0.50
2 7.00
0 2.00
0 0.40
1 1.60
0 2.70
0 15.50
1 12.10
2 0.20
0 3.70
1 4.20
2 6.30
0 3.90
1 14.20
2 0.70
0 5.50
1 2.50
1 0.80
2 3.00
1 2.50
0 0.10
2 2.00
0 0.70
2 12.70
33 3 490
0 3.69
1 25.34
2 21.30
0 53.82
1 57.31
2 168.86
1 13.78
2 57.94
0 134.33
2 2.80
0 52.61
0 82.77
0 55.74
0 21.42
1 19.31
0 21.18
0 33.50
2 50.51
1 1.00
2 107.51
0 25.97
2 2.66
2 3.70
0 4.97
1 61.23
1 197.22
1 4.43
1 4.66
2 55.73
2 17.41
1 16.34
1 89.37
2 1.58
22 2 151
0 20.88
1 1.59
1 2.94
0 10.34
1 4.95
0 18.08
0 8.90
1 10.07
0 2.08
0 14.14
1 21.24
1 7.69
0 5.30
1 36.19
1 4.19
0 7.01
1 8.24
1 27.11
1 26.78
0 25.06
0 27.86
0 11.34
22 3 18
1 3.00
1 3.60
1 0.40
0 3.50
1 4.10
1 0.40
1 1.50
2 6.10
0 3.40
0 4.10
1 0.10
0 1.30
0 1.60
0 2.30
2 1.30
2 8.20
2 0.20
1 2.50
0 1.80
1 2.40
2 0.70
2 1.40
13 3 10
2 1.00
1 2.00
0 5.00
2 4.00
1 2.00
2 4.00
1 1.00
1 2.00
0 2.00
0 3.00
2 0.00
1 1.00
1 2.00
33 3 547
0 68.73
0 30.01
2 144.20
2 43.06
0 84.31
1 140.44
1 22.05
2 61.18
1 20.10
0 66.61
0 65.30
2 10.01
0 31.37
2 28.15
1 0.51
0 9.08
2 31.35
2 89.85
2 21.41
0 83.69
0 69.43
1 35.94
1 26.13
1 83.45
2 26.06
1 107.17
1 70.29
0 18.54
0 19.92
2 77.46
2 14.27
1 16.29
1 24.63
77 7 416
2 46.62
0 5.49
1 35.25
3 26.78
6 20.67
3 60.98
6 96.04
1 18.82
6 3.68
2 56.58
4 30.06
2 44.29
2 26.88
0 51.10
5 83.72
2 18.46
3 43.34
4 6.21
5 64.50
2 22.18
0 20.48
2 3.55
3 4.09
6 25.96
2 57.43
5 40.80
3 5.28
5 17.52
2 62.11
1 20.22
1 16.32
1 0.03
6 66.96
6 5.58
1 32.06
1 46.86
0 19.05
4 1.01
4 47.48
1 25.06
0 43.92
6 4.79
6 52.68
6 15.87
4 10.26
0 13.54
6 19.55
3 0.26
4 73.64
4 45.36
1 100.14
5 35.68
4 10.51
0 46.77
5 41.92
2 7.04
3 13.72
5 13.87
4 62.60
0 10.80
0 29.45
1 20.67
6 104.22
0 165.74
4 84.57
2 70.86
5 28.33
5 50.79
0 9.65
3 9.03
1 100.57
3 154.64
5 28.99
3 95.89
3 1.98
5 9.87
4 44.30
3 2 10
1 320.80
0 69.20
1 564.50
27 3 45
1 1.80
2 24.10
1 2.00
0 17.70
0 2.70
1 1.90
2 2.00
2 6.10
0 0.30
0 9.00
1 5.10
1 7.90
0 2.20
1 6.50
0 2.70
1 2.10
2 6.90
0 8.00
1 1.00
0 1.00
2 2.30
1 4.00
1 6.00
0 1.40
2 2.80
1 6.70
2 0.80
33 3 737
2 6.44
1 83.49
0 62.86
0 110.02
1 124.53
0 20.47
2 102.27
2 6.55
0 42.98
1 44.02
0 85.41
2 331.12
1 22.42
1 104.22
0 9.95
0 6.09
0 105.42
2 32.18
0 47.84
1 32.58
1 204.15
2 22.54
0 203.86
1 28.55
1 24.08
0 42.10
1 0.38
1 68.57
2 49.92
2 36.61
2 45.59
2 43.99
2 59.79
55 5 502
4 68.13
3 18.76
4 80.04
0 2.63
2 93.54
1 22.83
0 301.75
3 2.12
3 4.88
4 6.81
3 4.17
0 22.19
2 85.88
1 7.08
4 58.98
1 90.92
4 30.37
3 8.39
2 84.88
0 5.10
3 69.85
0 24.74
2 23.24
1 47.37
1 11.26
2 8.51
3 104.53
0 57.70
1 97.80
1 24.74
4 22.08
1 26.93
3 39.61
1 41.23
3 163.62
2 47.10
4 24.45
4 38.52
3 55.91
0 32.07
4 41.42
1 38.18
0 31.00
1 93.66
0 16.31
2 17.18
4 108.39
2 61.26
0 5.62
2 32.29
2 37.47
3 30.16
4 22.81
2 10.64
0 2.88
23 3 35
2 9.40
2 1.10
2 4.30
0 8.00
2 4.60
1 12.00
1 1.40
2 4.40
0 1.10
0 3.40
0 0.90
1 0.80
1 1.50
0 10.80
0 5.20
0 1.10
1 2.30
2 5.60
1 15.30
2 5.40
1 1.70
0 4.40
2 0.10
33 3 947
0 82.25
1 96.97
2 57.73
1 39.00
2 371.10
0 118.10
0 16.80
2 61.74
0 30.70
1 9.92
2 95.75
1 265.99
2 85.11
1 2.48
0 53.21
2 32.61
1 45.86
0 96.27
0 73.74
2 1.49
2 112.03
1 35.68
2 8.16
1 24.91
1 212.96
1 48.06
0 177.67
2 36.05
1 165.16
0 2.20
0 86.72
2 85.22
0 209.33
77 7 164
0 3.16
2 16.50
0 0.62
4 3.61
0 1.34
2 2.70
5 5.79
2 20.57
6 10.61
0 22.23
0 31.39
6 0.07
6 11.34
5 2.97
1 1.38
1 32.59
6 35.12
1 4.71
5 24.81
0 14.76
3 27.15
2 5.81
6 8.78
0 12.12
4 10.78
4 0.64
6 44.98
1 5.64
5 4.24
6 2.56
0 9.55
5 7.04
3 33.71
1 1.42
4 1.79
4 10.94
4 4.55
3 8.51
5 7.77
2 10.36
3 14.36
4 17.44
6 23.47
3 10.76
5 4.02
4 99.71
3 6.80
5 78.43
1 25.03
5 0.19
3 12.61
2 2.96
3 4.67
0 54.35
6 7.07
3 7.28
1 6.14
2 16.72
3 0.59
1 16.03
0 2.27
4 2.58
6 3.47
2 28.65
0 12.21
2 29.99
1 21.20
2 21.16
2 8.58
1 48.51
3 37.56
5 1.79
6 16.52
4 10.63
5 26.94
4 1.33
1 1.34
25 3 49
0 0.90
0 1.30
1 11.70
0 13.00
2 7.50
0 0.90
0 3.90
0 3.10
2 19.00
1 3.60
0 14.10
2 9.70
2 0.10
1 0.60
0 2.90
2 10.50
1 7.00
0 5.30
0 1.50
2 2.20
1 7.60
1 8.20
1 3.00
0 2.00
1 7.30
13 4 11
2 4.00
3 3.00
3 6.00
1 10.00
0 2.00
0 4.00
2 5.00
0 2.00
2 2.00
3 1.00
0 1.00
1 0.00
0 2.00
33 3 855
1 32.06
0 72.75
1 113.21
0 1.23
1 150.72
1 17.91
0 162.56
2 29.08
2 12.64
0 43.56
1 83.47
1 24.24
0 62.37
2 7.71
0 68.92
0 48.20
2 101.32
0 3.84
2 166.01
1 43.73
2 3.95
0 228.88
1 58.78
2 16.71
2 78.46
2 48.09
2 99.68
0 160.96
0 1.72
2 291.35
1 171.67
1 87.36
1 71.85
110 10 998
5 60.37
6 165.79
4 204.76
9 163.88
3 124.81
4 29.04
5 31.98
0 152.35
5 69.25
3 134.86
4 13.18
7 32.92
0 204.35
7 29.67
9 23.78
7 45.67
4 186.71
8 142.65
2 249.95
0 23.66
5 101.80
8 7.38
8 201.26
8 196.44
4 7.55
3 7.28
6 102.07
0 136.28
2 38.40
9 94.25
6 49.25
6 224.52
4 142.22
0 63.43
6 57.90
2 26.21
1 18.53
7 164.09
7 52.34
5 88.50
2 16.25
1 18.19
0 183.92
6 2.66
2 109.24
3 8.11
8 144.45
2 77.53
1 160.21
7 43.62
3 19.34
6 53.50
2 54.02
6 152.05
1 24.94
1 250.99
5 364.63
8 20.56
7 92.00
3 1.96
8 6.84
6 96.87
9 30.34
5 17.73
1 74.29
6 57.12
5 22.64
4 55.43
9 36.00
0 91.56
6 36.26
2 152.15
7 230.82
7 26.71
9 58.15
0 23.31
3 57.40
5 70.18
2 186.54
7 144.44
8 41.18
0 63.81
2 33.63
9 22.00
4 61.81
3 62.50
9 8.11
8 102.84
3 20.43
1 72.53
8 108.32
3 444.39
5 18.83
9 123.77
4 2.01
7 135.72
1 47.08
1 130.43
1 111.84
4 275.51
2 54.08
8 26.07
4 19.77
9 189.63
5 152.09
1 88.96
0 48.50
0 6.82
3 116.92
9 248.08
88 8 651
4 174.35
3 4.16
0 60.44
7 16.93
5 22.95
6 45.32
5 122.31
6 98.91
5 54.39
6 23.50
0 11.32
5 110.24
7 23.08
6 42.54
1 58.76
1 52.63
0 119.42
2 70.40
4 56.27
5 14.56
4 18.80
1 155.25
1 48.22
2 14.44
3 74.81
6 160.94
5 165.83
3 135.22
0 9.54
3 78.21
4 16.43
6 39.69
6 90.16
3 40.24
3 89.05
0 148.91
6 42.03
7 66.19
2 55.40
5 59.63
5 52.59
2 8.73
1 17.65
7 43.51
0 20.46
0 149.55
1 58.80
1 30.80
2 191.50
5 20.23
2 8.31
3 18.06
4 32.82
0 45.81
7 219.51
6 47.52
0 3.97
7 48.83
1 60.33
4 15.51
3 25.50
7 29.42
3 15.63
2 11.43
4 34.56
6 36.06
1 15.27
3 40.43
7 48.18
4 54.28
0 38.60
2 91.79
1 1.36
4 139.40
2 23.13
2 72.23
3 129.68
7 101.17
7 49.63
1 151.92
6 24.32
2 103.63
5 6.33
7 4.55
4 1.71
5 21.93
4 106.86
0 42.98
33 3 876
1 39.65
2 11.16
0 26.22
0 149.27
2 2.40
0 59.75
0 98.26
1 171.60
0 52.17
2 81.05
0 154.58
2 44.64
1 51.20
1 136.71
1 145.83
1 14.92
2 289.53
1 41.80
1 54.47
0 93.18
1 9.97
0 9.12
0 59.62
1 47.88
2 201.01
2 24.09
0 52.98
2 27.10
1 161.97
2 5.80
2 13.87
2 175.35
0 120.84
44 4 549
3 26.12
2 25.75
3 8.97
0 33.27
1 21.94
3 46.09
1 65.34
3 84.48
0 136.70
3 82.82
0 9.59
1 6.11
0 79.90
2 7.47
1 5.32
2 126.13
1 46.29
2 38.70
1 67.23
3 105.19
1 74.44
0 30.72
0 50.73
2 3.52
2 18.94
2 8.56
0 62.88
3 9.50
3 44.83
0 87.29
1 10.28
2 207.65
0 46.12
1 94.58
2 42.28
1 19.67
2 9.39
0 3.46
3 0.35
1 137.80
3 139.08
2 60.61
0 8.33
3 1.57
8 2 15
1 4.00
1 5.00
0 0.00
0 4.00
1 2.00
0 9.00
1 4.00
0 2.00
39 5 12
1 2.40
4 0.60
3 4.20
3 0.20
2 1.40
3 0.10
2 3.40
0 1.30
0 0.60
1 1.00
3 1.10
3 0.00
3 3.40
3 0.10
1 4.20
4 2.70
0 3.60
4 0.10
0 2.30
4 3.70
4 1.40
1 0.80
4 0.90
3 0.20
3 1.10
0 0.30
0 0.10
1 1.70
2 0.10
2 0.50
3 1.60
2 2.10
0 3.70
2 0.40
2 3.60
2 0.40
1 1.90
4 1.80
4 0.80
